4480 0.845982142668
4481 0.84579334951
4482 0.845827755278
4483 0.845639080784
4484 0.84567350561
4485 0.845707915085
4486 0.845742309219
4480 0.845982142668
4481 0.84579334951
4482 0.845604640597
4483 0.845639080784
4484 0.84567350561
4485 0.845707915085
4480 0.845982142668
4481 0.84579334951
4482 0.845604640597
4483 0.845416015872
4484 0.84522747528
4485 0.845039018764
4486 0.844850646267
4487 0.844662357735
4488 0.84447415311
4489 0.844286032336
4490 0.844097995358
4491 0.843910042119
4492 0.843722172564
4493 0.843534386636
4494 0.843346684281
4495 0.843159065441
4496 0.842971530062
4497 0.842784078087
4498 0.842596709461
4499 0.842409424129
4500 0.842222222035
4501 0.842035103123
4502 0.841848067339
4503 0.841661114625
4504 0.841474244929
4505 0.841287458193
4506 0.841100754363
4507 0.840914133383
4508 0.840727595199
4509 0.840541139756
