1 -2690 -500
1 -20490 -500
2 -6830 -500
1 -30790 -10
2 -30490 -10
3 -30490 -10
4 -30490 -10
5 -30490 -10
6 -30490 -10
7 -30490 -10
8 -30490 -10
9 -30490 -10
10 -30490 -10
11 -30490 -10
12 -30490 -10
13 -30490 -10
14 -30490 -10
15 -30490 -10
16 -30490 -10
17 -30490 -10
18 -30490 -10
19 -30490 -10
20 -30490 -10
21 -30490 -10
22 -30490 -10
23 -30490 -10
24 -30490 -10
25 -30490 -10
26 -30490 -10
27 -30490 -10
28 -30490 -10
29 -30490 -10
30 -30490 -10
31 -30490 -10
32 -30490 -10
33 -30490 -10
34 -30490 -10
35 -30490 -10
36 -30490 -10
37 -30490 -10
38 -30490 -10
39 -30490 -10
40 -30490 -10
41 -30490 -10
42 -30490 -10
43 -30490 -10
44 -30490 -10
45 -30490 -10
46 -30490 -10
47 -30490 -10
48 -30490 -10
49 -30490 -10
50 -30490 -10
51 -30490 -10
52 -30490 -10
53 -30490 -10
54 -30490 -10
55 -30490 -10
56 -30490 -10
57 -30490 -10
58 -30490 -10
59 -30490 -10
60 -30490 -10
61 -30490 -10
62 -30490 -10
63 -30490 -10
64 -30490 -10
65 -30490 -10
66 -30490 -10
67 -30490 -10
68 -30490 -10
69 -30490 -10
70 -30490 -10
71 -30490 -10
72 -30490 -10
73 -30490 -10
74 -30490 -10
75 -30490 -10
76 -30490 -10
77 -30490 -10
78 -30490 -10
79 -30490 -10
80 -30490 -10
81 -30490 -10
82 -30490 -10
83 -30490 -10
84 -30490 -10
85 -30490 -10
86 -30490 -10
87 -30490 -10
88 -30490 -10
89 -30490 -10
90 -30490 -10
91 -30490 -10
92 -30490 -10
93 -30490 -10
94 -30490 -10
95 -30490 -10
96 -30490 -10
97 -30490 -10
98 -30490 -10
99 -30490 -10
100 -30490 -10
101 -30490 -10
102 -30490 -10
103 -30490 -10
104 -30490 -10
105 -30490 -10
106 -30490 -10
107 -30490 -10
108 -30490 -10
109 -30490 -10
110 -30490 -10
111 -30490 -10
112 -30490 -10
113 -30490 -10
114 -30490 -10
115 -30490 -10
116 -30490 -10
117 -30490 -10
118 -30490 -10
119 -30490 -10
120 -30490 -10
121 -30490 -10
122 -30490 -10
123 -30490 -10
124 -30490 -10
125 -30490 -10
126 -30490 -10
127 -30490 -10
128 -30490 -10
129 -30490 -10
130 -30490 -10
131 -30490 -10
132 -30490 -10
133 -30490 -10
134 -30490 -10
135 -30490 -10
136 -30490 -10
137 -30490 -10
138 -30490 -10
139 -30490 -10
140 -30490 -10
141 -30490 -10
142 -30490 -10
143 -30490 -10
144 -30490 -10
145 -30490 -10
146 -30490 -10
147 -30490 -10
148 -30490 -10
149 -30490 -10
150 -30490 -10
151 -30490 -10
152 -30490 -10
153 -30490 -10
154 -30490 -10
155 -30490 -10
156 -30490 -10
157 -30490 -10
158 -30490 -10
159 -30490 -10
160 -30490 -10
161 -30490 -10
162 -30490 -10
163 -30490 -10
164 -30490 -10
165 -30490 -10
166 -30490 -10
167 -30490 -10
168 -30490 -10
169 -30490 -10
170 -30490 -10
171 -30490 -10
172 -30490 -10
173 -30490 -10
174 -30490 -10
175 -30490 -10
176 -30490 -10
177 -30490 -10
178 -30490 -10
179 -30490 -10
180 -30490 -10
181 -30490 -10
182 -30490 -10
183 -30490 -10
184 -30490 -10
185 -30490 -10
186 -30490 -10
187 -30490 -10
188 -30490 -10
189 -30490 -10
190 -30490 -10
191 -30490 -10
192 -30490 -10
193 -30490 -10
194 -30490 -10
195 -30490 -10
196 -30490 -10
197 -30490 -10
198 -30490 -10
199 -30490 -10
200 -30490 -10
201 -30490 -10
202 -30490 -10
203 -30490 -10
204 -30490 -10
205 -30490 -10
206 -30490 -10
207 -30490 -10
208 -30490 -10
209 -30490 -10
210 -30490 -10
211 -30490 -10
212 -30490 -10
213 -30490 -10
214 -30490 -10
215 -30490 -10
216 -30490 -10
217 -30490 -10
218 -30490 -10
219 -30490 -10
220 -30490 -10
221 -30490 -10
222 -30490 -10
223 -30490 -10
224 -30490 -10
225 -30490 -10
226 -30490 -10
227 -30490 -10
228 -30490 -10
229 -30490 -10
230 -30490 -10
231 -30490 -10
232 -30490 -10
233 -30490 -10
234 -30490 -10
235 -30490 -10
236 -30490 -10
237 -30490 -10
238 -30490 -10
239 -30490 -10
240 -30490 -10
241 -30490 -10
242 -30490 -10
243 -30490 -10
244 -30490 -10
245 -30490 -10
246 -30490 -10
247 -30490 -10
248 -30490 -10
249 -30490 -10
250 -30490 -10
251 -30490 -10
252 -30490 -10
253 -30490 -10
254 -30490 -10
255 -30490 -10
256 -30490 -10
257 -30490 -10
258 -30490 -10
259 -30490 -10
260 -30490 -10
261 -30490 -10
262 -30490 -10
263 -30490 -10
264 -30490 -10
265 -30490 -10
266 -30490 -10
267 -30490 -10
268 -30490 -10
269 -30490 -10
270 -30490 -10
271 -30490 -10
272 -30490 -10
273 -30490 -10
274 -30490 -10
275 -30490 -10
276 -30490 -10
277 -30490 -10
278 -30490 -10
279 -30490 -10
280 -30490 -10
281 -30490 -10
282 -30490 -10
283 -30490 -10
284 -30490 -10
285 -30490 -10
286 -30490 -10
287 -30490 -10
288 -30490 -10
289 -30490 -10
290 -30490 -10
291 -30490 -10
292 -30490 -10
293 -30490 -10
294 -30490 -10
295 -30490 -10
296 -30490 -10
297 -30490 -10
298 -30490 -10
299 -30490 -10
300 -30490 -10
301 -30490 -10
302 -30490 -10
303 -30490 -10
304 -30490 -10
305 -30490 -10
306 -30490 -10
307 -30490 -10
308 -30490 -10
309 -30490 -10
310 -30490 -10
311 -30490 -10
312 -30490 -10
313 -30490 -10
314 -30490 -10
315 -30490 -10
316 -30490 -10
317 -30490 -10
318 -30490 -10
319 -30490 -10
320 -30490 -10
321 -30490 -10
322 -30490 -10
323 -30490 -10
324 -30490 -10
325 -30490 -10
326 -30490 -10
327 -30490 -10
328 -30490 -10
329 -30490 -10
330 -30490 -10
331 -30490 -10
332 -30490 -10
333 -30490 -10
334 -30490 -10
335 -30490 -10
336 -30490 -10
337 -30490 -10
338 -30490 -10
339 -30490 -10
340 -30490 -10
341 -30490 -10
342 -30490 -10
343 -30490 -10
344 -30490 -10
345 -30490 -10
346 -30490 -10
347 -30490 -10
348 -30490 -10
349 -30490 -10
350 -30490 -10
351 -30490 -10
352 -30490 -10
353 -30490 -10
354 -30490 -10
355 -30490 -10
356 -30490 -10
357 -30490 -10
358 -30490 -10
359 -30490 -10
360 -30490 -10
361 -30490 -10
362 -30490 -10
363 -30490 -10
364 -30490 -10
365 -30490 -10
366 -30490 -10
367 -30490 -10
368 -30490 -10
369 -30490 -10
370 -30490 -10
371 -30490 -10
372 -30490 -10
373 -30490 -10
374 -30490 -10
375 -4840 -500
1 -1020 -10
2 -1200 -10
3 -1020 -10
4 -1000 -10
5 -1000 -10
6 -1090 -500
1 -1080 -10
2 -1100 -10
3 -1000 -10
4 -1000 -10
5 -1000 -10
6 -1000 -10
7 -1380 -500
1 -1650 -500
2 -1590 -500
3 -1490 -500
4 -1490 -500
5 -1490 -500
6 -1490 -500
7 -1490 -500
8 -1490 -500
9 -1490 -500
10 -1490 -500
1 -3020 -500
2 -10490 -500
3 -9490 -500
1 -2650 -500
2 -10790 -500
3 -1050 -500
1 -3000 -500
2 -10450 -500
3 -3250 -500
1 -11210 -1000
2 -11190 -1000
3 -11150 -1000
4 -7360 -500
1 -3020 -500
2 -6540 -500
1 -4920 -500
2 -6010 -1000
3 -5690 -1000
4 -5410 -1000
5 -1120 1000
6 -490 1000
7 -2880 -500
8 -1110 1000
9 -2130 -500
10 -2400 -500
11 -1030 1000
12 -2710 -500
13 -680 1000
14 -630 1000
15 -1010 1000
16 -1210 1000
17 -120 1000
18 -600 1000
19 -1190 -500
